#--------------------------------------------------------------------
There are 2 files here:
1.    makeCacheMatrix.R           # Source code to implement the function.
2.    testCacheMatrix.R           # A test function to demo above.
    
From R command-line please do:

> source("testCacheMatrix.R")
> TestCacheMatrix(5)

Make sure above two .R files are in your working directory.
Use getwd(), setwd("path-you-have") as needed.


==============================
You will see output like this:
==============================

[1] "-------------------------------Inverse of 5x5 matrix is:"
5 x 5 Matrix of class "dgeMatrix"
            [,1]        [,2]        [,3]        [,4]         [,5]
[1,] -0.18096727  0.03068122  0.01972364  0.01453321  0.011505456
[2,]  0.06136243 -0.08383892  0.01753212  0.01291841  0.010227072
[3,]  0.05917092  0.02629818 -0.05452260  0.01245703  0.009861819
[4,]  0.05813283  0.02583681  0.01660938 -0.04039309  0.009688805
[5,]  0.05752728  0.02556768  0.01643637  0.01211101 -0.032078787
[1] "-------------------------------Inverse of 5x5 matrix is: (again)"
getting cached data
5 x 5 Matrix of class "dgeMatrix"
            [,1]        [,2]        [,3]        [,4]         [,5]
[1,] -0.18096727  0.03068122  0.01972364  0.01453321  0.011505456
[2,]  0.06136243 -0.08383892  0.01753212  0.01291841  0.010227072
[3,]  0.05917092  0.02629818 -0.05452260  0.01245703  0.009861819
[4,]  0.05813283  0.02583681  0.01660938 -0.04039309  0.009688805
[5,]  0.05752728  0.02556768  0.01643637  0.01211101 -0.032078787
[1] "-------------------------------Inverse of 5x5 HILBERT is:"
5 x 5 Matrix of class "dpoMatrix"
      [,1]   [,2]    [,3]    [,4]   [,5]
[1,]    25   -300    1050   -1400    630
[2,]  -300   4800  -18900   26880 -12600
[3,]  1050 -18900   79380 -117600  56700
[4,] -1400  26880 -117600  179200 -88200
[5,]   630 -12600   56700  -88200  44100
[1] "-------------------------------Inverse of 5x5 HILBERT is: (again)"
getting cached data
5 x 5 Matrix of class "dpoMatrix"
      [,1]   [,2]    [,3]    [,4]   [,5]
[1,]    25   -300    1050   -1400    630
[2,]  -300   4800  -18900   26880 -12600
[3,]  1050 -18900   79380 -117600  56700
[4,] -1400  26880 -117600  179200 -88200
[5,]   630 -12600   56700  -88200  44100
> 
